%YAML:1.0
---
calibration_time: "Fri Nov 16 17:20:49 2018"
M1: !!opencv-matrix
   rows: 3
   cols: 3
   dt: d
   data: [ 1.45061743e+03, 0., 1.24426978e+03, 0.,
       1.45150769e+03, 1.05153479e+03, 0., 0., 1. ]
D1: !!opencv-matrix
   rows: 1
   cols: 14
   dt: d
   data: [ -2.62859046e-01, 6.20922518e+00, 1.64755271e-04, 1.78929004e-05, 8.78218561e-02, -2.17703134e-01, 6.18773699e+00, 0.00000000e+00, 0.00000000e+00, 0.00000000e+00, 0.00000000e+00, 0.00000000e+00, 0.00000000e+00, 0.00000000e+00 ]

M2: !!opencv-matrix
   rows: 3
   cols: 3
   dt: d
   data: [ 1.45809827e+03, 0., 1.22176282e+03, 0.,
       1.45915015e+03, 1.02154254e+03, 0., 0., 1. ]
D2: !!opencv-matrix
   rows: 1
   cols: 14
   dt: d
   data: [ -5.66878259e-01, 2.86404109e+00, -1.40085432e-03, -1.52175489e-03, -2.65942258e-03, -5.22627771e-01, 2.78957415e+00, 0.00000000e+00, 0.00000000e+00, 0.00000000e+00, 0.00000000e+00, 0.00000000e+00, 0.00000000e+00, 0.00000000e+00 ]
R: !!opencv-matrix
   rows: 3
   cols: 3
   dt: d
   data: [ 0.99950207, 0.00113763, -0.03153282, -0.0010855, 0.99999802, 0.00167034, 0.03153465, -0.00163528, 0.99950132]
t: !!opencv-matrix
   rows: 3
   cols: 1
   dt: d
   data: [ -2.13762853e+02, 2.73515492e-01, 6.37019652e-02 ]
